0 2 3 5 6 7 8 9 11 12 16 25 31 35 41 44 46
1 2 3 7 13 26 30 33 43 45
2 0 1 4 11 13 14 15 17 20 22 23 34 35 37 47
3 0 1 4 5 18
4 2 3 6 31
5 0 3 10 12 17 24 32 39 45 49
6 0 4 10 14 38 42
7 0 1 8 9 26 29 43 48
8 0 7 16 24 28
9 0 7 23
10 5 6 32
11 0 2 19
12 0 5
13 1 2 15 18 19 20 21 22 25 37 38 40
14 2 6
15 2 13 39
16 0 8 36
17 2 5
18 3 13 28 40
19 11 13
20 2 13 21 29
21 13 20 27
22 2 13 34
23 2 9
24 5 8 27
25 0 13 36 44
26 1 7 30
27 21 24
28 8 18
29 7 20
30 1 26 33 49
31 0 4
32 5 10
33 1 30 46
34 2 22
35 0 2 47
36 16 25 41
37 2 13
38 6 13
39 5 15 42
40 13 18 48
41 0 36
42 6 39
43 1 7
44 0 25
45 1 5
46 0 33
47 2 35
48 7 40
49 5 30
