0 2 5 13
1 2 3 4 9 14 24
2 0 1 3 4 11 17 26 35
3 1 2 6 7 22 27 29 38
4 1 2 5 6 14 15 24 25
5 0 4 9 10 17 18 19 28 31 32 34 35
6 3 4 7 8 11 12 22 27
7 3 6 8 12 36
8 6 7
9 1 5 10 16
10 5 9 23 29 31
11 2 6 13 19 20 23 26
12 6 7 21 25
13 0 11 20 39
14 1 4 15 16 32 33 39
15 4 14 30
16 9 14 18 37
17 2 5 21 28 30
18 5 16
19 5 11 34 38
20 11 13
21 12 17 33
22 3 6
23 10 11
24 1 4
25 4 12
26 2 11
27 3 6
28 5 17
29 3 10 36
30 15 17
31 5 10
32 5 14
33 14 21
34 5 19
35 2 5 37
36 7 29
37 16 35
38 3 19
39 13 14
