0 2 3 4 5 6 7 8 10 11 12 13 15 16 18 21 23 25 26 27 30 31 33 34 37 39 42 43
1 2 4 10 14
2 0 1 3 5 6 11 14 16 26 28 29 36 38
3 0 2 7 8 12 13 20 22 24 30 31 35 36 37 39 44
4 0 1 18 33
5 0 2 9 38
6 0 2 27 42
7 0 3 9 15 21 22 29 35 44
8 0 3 23 24 32
9 5 7
10 0 1 17
11 0 2 28
12 0 3
13 0 3 17 40 41
14 1 2
15 0 7 20
16 0 2
17 10 13 19 40
18 0 4 19
19 17 18
20 3 15
21 0 7
22 3 7
23 0 8 25 32
24 3 8
25 0 23 34
26 0 2
27 0 6
28 2 11
29 2 7
30 0 3
31 0 3
32 8 23
33 0 4
34 0 25
35 3 7
36 2 3
37 0 3
38 2 5
39 0 3
40 13 17 41
41 13 40
42 0 6 43
43 0 42
44 3 7
